>>> LOG OF EVENTS <<<
-------------------------
Time 1:
Waiting clients: (4,2,4); (19,3,6); (33,4,6); (34,5,7); (2,5,3); (40,6,7); (10,6,6); (25,7,3); (12,7,5); (26,8,6); (24,10,2); (45,11,7); (44,12,1); (22,12,1); (5,12,6); (35,12,2); (41,13,5); (7,13,3); (38,13,2); (29,13,5); (3,14,3); (18,16,4); (15,17,3); (8,17,5); (31,19,5); (49,19,2); (21,19,7); (37,22,7); (30,22,3); (43,23,3); (46,24,2); (39,24,6); (1,26,3); (36,26,4); (16,26,4); (23,27,3); (42,27,4); (47,27,3); (32,28,2); (17,29,6); (48,29,7); (13,30,5); (14,31,6); (27,31,2); (6,32,1); (11,37,4); (20,39,7); (50,39,2); (28,40,2); (9,40,2); 
Queue 1: closed
Queue 2: closed
Queue 3: closed
Queue 4: closed
Queue 5: closed
--------------------------------------------------------------------------
Time 2:
Waiting clients: (19,3,6); (33,4,6); (34,5,7); (2,5,3); (40,6,7); (10,6,6); (25,7,3); (12,7,5); (26,8,6); (24,10,2); (45,11,7); (44,12,1); (22,12,1); (5,12,6); (35,12,2); (41,13,5); (7,13,3); (38,13,2); (29,13,5); (3,14,3); (18,16,4); (15,17,3); (8,17,5); (31,19,5); (49,19,2); (21,19,7); (37,22,7); (30,22,3); (43,23,3); (46,24,2); (39,24,6); (1,26,3); (36,26,4); (16,26,4); (23,27,3); (42,27,4); (47,27,3); (32,28,2); (17,29,6); (48,29,7); (13,30,5); (14,31,6); (27,31,2); (6,32,1); (11,37,4); (20,39,7); (50,39,2); (28,40,2); (9,40,2); 
Queue 1: (4,2,4); 
Queue 2: closed
Queue 3: closed
Queue 4: closed
Queue 5: closed
--------------------------------------------------------------------------
Time 3:
Waiting clients: (33,4,6); (34,5,7); (2,5,3); (40,6,7); (10,6,6); (25,7,3); (12,7,5); (26,8,6); (24,10,2); (45,11,7); (44,12,1); (22,12,1); (5,12,6); (35,12,2); (41,13,5); (7,13,3); (38,13,2); (29,13,5); (3,14,3); (18,16,4); (15,17,3); (8,17,5); (31,19,5); (49,19,2); (21,19,7); (37,22,7); (30,22,3); (43,23,3); (46,24,2); (39,24,6); (1,26,3); (36,26,4); (16,26,4); (23,27,3); (42,27,4); (47,27,3); (32,28,2); (17,29,6); (48,29,7); (13,30,5); (14,31,6); (27,31,2); (6,32,1); (11,37,4); (20,39,7); (50,39,2); (28,40,2); (9,40,2); 
Queue 1: (4,2,4); 
Queue 2: (19,3,6); 
Queue 3: closed
Queue 4: closed
Queue 5: closed
--------------------------------------------------------------------------
Time 4:
Waiting clients: (34,5,7); (2,5,3); (40,6,7); (10,6,6); (25,7,3); (12,7,5); (26,8,6); (24,10,2); (45,11,7); (44,12,1); (22,12,1); (5,12,6); (35,12,2); (41,13,5); (7,13,3); (38,13,2); (29,13,5); (3,14,3); (18,16,4); (15,17,3); (8,17,5); (31,19,5); (49,19,2); (21,19,7); (37,22,7); (30,22,3); (43,23,3); (46,24,2); (39,24,6); (1,26,3); (36,26,4); (16,26,4); (23,27,3); (42,27,4); (47,27,3); (32,28,2); (17,29,6); (48,29,7); (13,30,5); (14,31,6); (27,31,2); (6,32,1); (11,37,4); (20,39,7); (50,39,2); (28,40,2); (9,40,2); 
Queue 1: (4,2,4); 
Queue 2: (19,3,6); 
Queue 3: (33,4,6); 
Queue 4: closed
Queue 5: closed
--------------------------------------------------------------------------
Time 5:
Waiting clients: (40,6,7); (10,6,6); (25,7,3); (12,7,5); (26,8,6); (24,10,2); (45,11,7); (44,12,1); (22,12,1); (5,12,6); (35,12,2); (41,13,5); (7,13,3); (38,13,2); (29,13,5); (3,14,3); (18,16,4); (15,17,3); (8,17,5); (31,19,5); (49,19,2); (21,19,7); (37,22,7); (30,22,3); (43,23,3); (46,24,2); (39,24,6); (1,26,3); (36,26,4); (16,26,4); (23,27,3); (42,27,4); (47,27,3); (32,28,2); (17,29,6); (48,29,7); (13,30,5); (14,31,6); (27,31,2); (6,32,1); (11,37,4); (20,39,7); (50,39,2); (28,40,2); (9,40,2); 
Queue 1: (4,2,4); 
Queue 2: (19,3,6); 
Queue 3: (33,4,6); 
Queue 4: (34,5,7); 
Queue 5: (2,5,3); 
--------------------------------------------------------------------------
Time 6:
Waiting clients: (25,7,3); (12,7,5); (26,8,6); (24,10,2); (45,11,7); (44,12,1); (22,12,1); (5,12,6); (35,12,2); (41,13,5); (7,13,3); (38,13,2); (29,13,5); (3,14,3); (18,16,4); (15,17,3); (8,17,5); (31,19,5); (49,19,2); (21,19,7); (37,22,7); (30,22,3); (43,23,3); (46,24,2); (39,24,6); (1,26,3); (36,26,4); (16,26,4); (23,27,3); (42,27,4); (47,27,3); (32,28,2); (17,29,6); (48,29,7); (13,30,5); (14,31,6); (27,31,2); (6,32,1); (11,37,4); (20,39,7); (50,39,2); (28,40,2); (9,40,2); 
Queue 1: (10,6,6); 
Queue 2: (19,3,6); 
Queue 3: (33,4,6); 
Queue 4: (34,5,7); 
Queue 5: (2,5,3); (40,6,7); 
--------------------------------------------------------------------------
Time 7:
Waiting clients: (26,8,6); (24,10,2); (45,11,7); (44,12,1); (22,12,1); (5,12,6); (35,12,2); (41,13,5); (7,13,3); (38,13,2); (29,13,5); (3,14,3); (18,16,4); (15,17,3); (8,17,5); (31,19,5); (49,19,2); (21,19,7); (37,22,7); (30,22,3); (43,23,3); (46,24,2); (39,24,6); (1,26,3); (36,26,4); (16,26,4); (23,27,3); (42,27,4); (47,27,3); (32,28,2); (17,29,6); (48,29,7); (13,30,5); (14,31,6); (27,31,2); (6,32,1); (11,37,4); (20,39,7); (50,39,2); (28,40,2); (9,40,2); 
Queue 1: (10,6,6); (25,7,3); 
Queue 2: (19,3,6); (12,7,5); 
Queue 3: (33,4,6); 
Queue 4: (34,5,7); 
Queue 5: (2,5,3); (40,6,7); 
--------------------------------------------------------------------------
Time 8:
Waiting clients: (24,10,2); (45,11,7); (44,12,1); (22,12,1); (5,12,6); (35,12,2); (41,13,5); (7,13,3); (38,13,2); (29,13,5); (3,14,3); (18,16,4); (15,17,3); (8,17,5); (31,19,5); (49,19,2); (21,19,7); (37,22,7); (30,22,3); (43,23,3); (46,24,2); (39,24,6); (1,26,3); (36,26,4); (16,26,4); (23,27,3); (42,27,4); (47,27,3); (32,28,2); (17,29,6); (48,29,7); (13,30,5); (14,31,6); (27,31,2); (6,32,1); (11,37,4); (20,39,7); (50,39,2); (28,40,2); (9,40,2); 
Queue 1: (10,6,6); (25,7,3); 
Queue 2: (19,3,6); (12,7,5); 
Queue 3: (33,4,6); (26,8,6); 
Queue 4: (34,5,7); 
Queue 5: (40,6,7); 
--------------------------------------------------------------------------
Time 9:
Waiting clients: (24,10,2); (45,11,7); (44,12,1); (22,12,1); (5,12,6); (35,12,2); (41,13,5); (7,13,3); (38,13,2); (29,13,5); (3,14,3); (18,16,4); (15,17,3); (8,17,5); (31,19,5); (49,19,2); (21,19,7); (37,22,7); (30,22,3); (43,23,3); (46,24,2); (39,24,6); (1,26,3); (36,26,4); (16,26,4); (23,27,3); (42,27,4); (47,27,3); (32,28,2); (17,29,6); (48,29,7); (13,30,5); (14,31,6); (27,31,2); (6,32,1); (11,37,4); (20,39,7); (50,39,2); (28,40,2); (9,40,2); 
Queue 1: (10,6,6); (25,7,3); 
Queue 2: (12,7,5); 
Queue 3: (33,4,6); (26,8,6); 
Queue 4: (34,5,7); 
Queue 5: (40,6,7); 
--------------------------------------------------------------------------
Time 10:
Waiting clients: (45,11,7); (44,12,1); (22,12,1); (5,12,6); (35,12,2); (41,13,5); (7,13,3); (38,13,2); (29,13,5); (3,14,3); (18,16,4); (15,17,3); (8,17,5); (31,19,5); (49,19,2); (21,19,7); (37,22,7); (30,22,3); (43,23,3); (46,24,2); (39,24,6); (1,26,3); (36,26,4); (16,26,4); (23,27,3); (42,27,4); (47,27,3); (32,28,2); (17,29,6); (48,29,7); (13,30,5); (14,31,6); (27,31,2); (6,32,1); (11,37,4); (20,39,7); (50,39,2); (28,40,2); (9,40,2); 
Queue 1: (10,6,6); (25,7,3); 
Queue 2: (12,7,5); (24,10,2); 
Queue 3: (26,8,6); 
Queue 4: (34,5,7); 
Queue 5: (40,6,7); 
--------------------------------------------------------------------------
Time 11:
Waiting clients: (44,12,1); (22,12,1); (5,12,6); (35,12,2); (41,13,5); (7,13,3); (38,13,2); (29,13,5); (3,14,3); (18,16,4); (15,17,3); (8,17,5); (31,19,5); (49,19,2); (21,19,7); (37,22,7); (30,22,3); (43,23,3); (46,24,2); (39,24,6); (1,26,3); (36,26,4); (16,26,4); (23,27,3); (42,27,4); (47,27,3); (32,28,2); (17,29,6); (48,29,7); (13,30,5); (14,31,6); (27,31,2); (6,32,1); (11,37,4); (20,39,7); (50,39,2); (28,40,2); (9,40,2); 
Queue 1: (10,6,6); (25,7,3); 
Queue 2: (12,7,5); (24,10,2); 
Queue 3: (26,8,6); (45,11,7); 
Queue 4: (34,5,7); 
Queue 5: (40,6,7); 
--------------------------------------------------------------------------
Time 12:
Waiting clients: (41,13,5); (7,13,3); (38,13,2); (29,13,5); (3,14,3); (18,16,4); (15,17,3); (8,17,5); (31,19,5); (49,19,2); (21,19,7); (37,22,7); (30,22,3); (43,23,3); (46,24,2); (39,24,6); (1,26,3); (36,26,4); (16,26,4); (23,27,3); (42,27,4); (47,27,3); (32,28,2); (17,29,6); (48,29,7); (13,30,5); (14,31,6); (27,31,2); (6,32,1); (11,37,4); (20,39,7); (50,39,2); (28,40,2); (9,40,2); 
Queue 1: (25,7,3); 
Queue 2: (12,7,5); (24,10,2); (44,12,1); (35,12,2); 
Queue 3: (26,8,6); (45,11,7); 
Queue 4: (22,12,1); 
Queue 5: (40,6,7); (5,12,6); 
--------------------------------------------------------------------------
Time 13:
Waiting clients: (3,14,3); (18,16,4); (15,17,3); (8,17,5); (31,19,5); (49,19,2); (21,19,7); (37,22,7); (30,22,3); (43,23,3); (46,24,2); (39,24,6); (1,26,3); (36,26,4); (16,26,4); (23,27,3); (42,27,4); (47,27,3); (32,28,2); (17,29,6); (48,29,7); (13,30,5); (14,31,6); (27,31,2); (6,32,1); (11,37,4); (20,39,7); (50,39,2); (28,40,2); (9,40,2); 
Queue 1: (25,7,3); (7,13,3); (38,13,2); 
Queue 2: (12,7,5); (24,10,2); (44,12,1); (35,12,2); 
Queue 3: (26,8,6); (45,11,7); 
Queue 4: (41,13,5); (29,13,5); 
Queue 5: (40,6,7); (5,12,6); 
--------------------------------------------------------------------------
Time 14:
Waiting clients: (18,16,4); (15,17,3); (8,17,5); (31,19,5); (49,19,2); (21,19,7); (37,22,7); (30,22,3); (43,23,3); (46,24,2); (39,24,6); (1,26,3); (36,26,4); (16,26,4); (23,27,3); (42,27,4); (47,27,3); (32,28,2); (17,29,6); (48,29,7); (13,30,5); (14,31,6); (27,31,2); (6,32,1); (11,37,4); (20,39,7); (50,39,2); (28,40,2); (9,40,2); 
Queue 1: (25,7,3); (7,13,3); (38,13,2); (3,14,3); 
Queue 2: (24,10,2); (44,12,1); (35,12,2); 
Queue 3: (26,8,6); (45,11,7); 
Queue 4: (41,13,5); (29,13,5); 
Queue 5: (40,6,7); (5,12,6); 
--------------------------------------------------------------------------
Time 15:
Waiting clients: (18,16,4); (15,17,3); (8,17,5); (31,19,5); (49,19,2); (21,19,7); (37,22,7); (30,22,3); (43,23,3); (46,24,2); (39,24,6); (1,26,3); (36,26,4); (16,26,4); (23,27,3); (42,27,4); (47,27,3); (32,28,2); (17,29,6); (48,29,7); (13,30,5); (14,31,6); (27,31,2); (6,32,1); (11,37,4); (20,39,7); (50,39,2); (28,40,2); (9,40,2); 
Queue 1: (7,13,3); (38,13,2); (3,14,3); 
Queue 2: (24,10,2); (44,12,1); (35,12,2); 
Queue 3: (26,8,6); (45,11,7); 
Queue 4: (41,13,5); (29,13,5); 
Queue 5: (5,12,6); 
--------------------------------------------------------------------------
Time 16:
Waiting clients: (15,17,3); (8,17,5); (31,19,5); (49,19,2); (21,19,7); (37,22,7); (30,22,3); (43,23,3); (46,24,2); (39,24,6); (1,26,3); (36,26,4); (16,26,4); (23,27,3); (42,27,4); (47,27,3); (32,28,2); (17,29,6); (48,29,7); (13,30,5); (14,31,6); (27,31,2); (6,32,1); (11,37,4); (20,39,7); (50,39,2); (28,40,2); (9,40,2); 
Queue 1: (7,13,3); (38,13,2); (3,14,3); 
Queue 2: (44,12,1); (35,12,2); (18,16,4); 
Queue 3: (45,11,7); 
Queue 4: (41,13,5); (29,13,5); 
Queue 5: (5,12,6); 
--------------------------------------------------------------------------
Time 17:
Waiting clients: (31,19,5); (49,19,2); (21,19,7); (37,22,7); (30,22,3); (43,23,3); (46,24,2); (39,24,6); (1,26,3); (36,26,4); (16,26,4); (23,27,3); (42,27,4); (47,27,3); (32,28,2); (17,29,6); (48,29,7); (13,30,5); (14,31,6); (27,31,2); (6,32,1); (11,37,4); (20,39,7); (50,39,2); (28,40,2); (9,40,2); 
Queue 1: (7,13,3); (38,13,2); (3,14,3); 
Queue 2: (35,12,2); (18,16,4); (8,17,5); 
Queue 3: (45,11,7); 
Queue 4: (41,13,5); (29,13,5); 
Queue 5: (5,12,6); (15,17,3); 
--------------------------------------------------------------------------
Time 18:
Waiting clients: (31,19,5); (49,19,2); (21,19,7); (37,22,7); (30,22,3); (43,23,3); (46,24,2); (39,24,6); (1,26,3); (36,26,4); (16,26,4); (23,27,3); (42,27,4); (47,27,3); (32,28,2); (17,29,6); (48,29,7); (13,30,5); (14,31,6); (27,31,2); (6,32,1); (11,37,4); (20,39,7); (50,39,2); (28,40,2); (9,40,2); 
Queue 1: (38,13,2); (3,14,3); 
Queue 2: (35,12,2); (18,16,4); (8,17,5); 
Queue 3: (45,11,7); 
Queue 4: (29,13,5); 
Queue 5: (5,12,6); (15,17,3); 
--------------------------------------------------------------------------
Time 19:
Waiting clients: (37,22,7); (30,22,3); (43,23,3); (46,24,2); (39,24,6); (1,26,3); (36,26,4); (16,26,4); (23,27,3); (42,27,4); (47,27,3); (32,28,2); (17,29,6); (48,29,7); (13,30,5); (14,31,6); (27,31,2); (6,32,1); (11,37,4); (20,39,7); (50,39,2); (28,40,2); (9,40,2); 
Queue 1: (38,13,2); (3,14,3); (31,19,5); 
Queue 2: (18,16,4); (8,17,5); 
Queue 3: (45,11,7); (21,19,7); 
Queue 4: (29,13,5); (49,19,2); 
Queue 5: (5,12,6); (15,17,3); 
--------------------------------------------------------------------------
Time 20:
Waiting clients: (37,22,7); (30,22,3); (43,23,3); (46,24,2); (39,24,6); (1,26,3); (36,26,4); (16,26,4); (23,27,3); (42,27,4); (47,27,3); (32,28,2); (17,29,6); (48,29,7); (13,30,5); (14,31,6); (27,31,2); (6,32,1); (11,37,4); (20,39,7); (50,39,2); (28,40,2); (9,40,2); 
Queue 1: (3,14,3); (31,19,5); 
Queue 2: (18,16,4); (8,17,5); 
Queue 3: (45,11,7); (21,19,7); 
Queue 4: (29,13,5); (49,19,2); 
Queue 5: (5,12,6); (15,17,3); 
--------------------------------------------------------------------------
Time 21:
Waiting clients: (37,22,7); (30,22,3); (43,23,3); (46,24,2); (39,24,6); (1,26,3); (36,26,4); (16,26,4); (23,27,3); (42,27,4); (47,27,3); (32,28,2); (17,29,6); (48,29,7); (13,30,5); (14,31,6); (27,31,2); (6,32,1); (11,37,4); (20,39,7); (50,39,2); (28,40,2); (9,40,2); 
Queue 1: (3,14,3); (31,19,5); 
Queue 2: (18,16,4); (8,17,5); 
Queue 3: (45,11,7); (21,19,7); 
Queue 4: (29,13,5); (49,19,2); 
Queue 5: (15,17,3); 
--------------------------------------------------------------------------
Time 22:
Waiting clients: (43,23,3); (46,24,2); (39,24,6); (1,26,3); (36,26,4); (16,26,4); (23,27,3); (42,27,4); (47,27,3); (32,28,2); (17,29,6); (48,29,7); (13,30,5); (14,31,6); (27,31,2); (6,32,1); (11,37,4); (20,39,7); (50,39,2); (28,40,2); (9,40,2); 
Queue 1: (3,14,3); (31,19,5); 
Queue 2: (18,16,4); (8,17,5); 
Queue 3: (45,11,7); (21,19,7); 
Queue 4: (29,13,5); (49,19,2); (30,22,3); 
Queue 5: (15,17,3); (37,22,7); 
--------------------------------------------------------------------------
Time 23:
Waiting clients: (46,24,2); (39,24,6); (1,26,3); (36,26,4); (16,26,4); (23,27,3); (42,27,4); (47,27,3); (32,28,2); (17,29,6); (48,29,7); (13,30,5); (14,31,6); (27,31,2); (6,32,1); (11,37,4); (20,39,7); (50,39,2); (28,40,2); (9,40,2); 
Queue 1: (31,19,5); (43,23,3); 
Queue 2: (8,17,5); 
Queue 3: (21,19,7); 
Queue 4: (49,19,2); (30,22,3); 
Queue 5: (15,17,3); (37,22,7); 
--------------------------------------------------------------------------
Time 24:
Waiting clients: (1,26,3); (36,26,4); (16,26,4); (23,27,3); (42,27,4); (47,27,3); (32,28,2); (17,29,6); (48,29,7); (13,30,5); (14,31,6); (27,31,2); (6,32,1); (11,37,4); (20,39,7); (50,39,2); (28,40,2); (9,40,2); 
Queue 1: (31,19,5); (43,23,3); 
Queue 2: (8,17,5); (46,24,2); 
Queue 3: (21,19,7); 
Queue 4: (49,19,2); (30,22,3); (39,24,6); 
Queue 5: (37,22,7); 
--------------------------------------------------------------------------
Time 25:
Waiting clients: (1,26,3); (36,26,4); (16,26,4); (23,27,3); (42,27,4); (47,27,3); (32,28,2); (17,29,6); (48,29,7); (13,30,5); (14,31,6); (27,31,2); (6,32,1); (11,37,4); (20,39,7); (50,39,2); (28,40,2); (9,40,2); 
Queue 1: (31,19,5); (43,23,3); 
Queue 2: (8,17,5); (46,24,2); 
Queue 3: (21,19,7); 
Queue 4: (30,22,3); (39,24,6); 
Queue 5: (37,22,7); 
--------------------------------------------------------------------------
Time 26:
Waiting clients: (23,27,3); (42,27,4); (47,27,3); (32,28,2); (17,29,6); (48,29,7); (13,30,5); (14,31,6); (27,31,2); (6,32,1); (11,37,4); (20,39,7); (50,39,2); (28,40,2); (9,40,2); 
Queue 1: (31,19,5); (43,23,3); 
Queue 2: (8,17,5); (46,24,2); (1,26,3); 
Queue 3: (21,19,7); (36,26,4); 
Queue 4: (30,22,3); (39,24,6); 
Queue 5: (37,22,7); (16,26,4); 
--------------------------------------------------------------------------
Time 27:
Waiting clients: (32,28,2); (17,29,6); (48,29,7); (13,30,5); (14,31,6); (27,31,2); (6,32,1); (11,37,4); (20,39,7); (50,39,2); (28,40,2); (9,40,2); 
Queue 1: (31,19,5); (43,23,3); (23,27,3); 
Queue 2: (8,17,5); (46,24,2); (1,26,3); (47,27,3); 
Queue 3: (21,19,7); (36,26,4); 
Queue 4: (30,22,3); (39,24,6); (42,27,4); 
Queue 5: (37,22,7); (16,26,4); 
--------------------------------------------------------------------------
Time 28:
Waiting clients: (17,29,6); (48,29,7); (13,30,5); (14,31,6); (27,31,2); (6,32,1); (11,37,4); (20,39,7); (50,39,2); (28,40,2); (9,40,2); 
Queue 1: (43,23,3); (23,27,3); (32,28,2); 
Queue 2: (46,24,2); (1,26,3); (47,27,3); 
Queue 3: (21,19,7); (36,26,4); 
Queue 4: (39,24,6); (42,27,4); 
Queue 5: (37,22,7); (16,26,4); 
--------------------------------------------------------------------------
Time 29:
Waiting clients: (13,30,5); (14,31,6); (27,31,2); (6,32,1); (11,37,4); (20,39,7); (50,39,2); (28,40,2); (9,40,2); 
Queue 1: (43,23,3); (23,27,3); (32,28,2); (17,29,6); 
Queue 2: (46,24,2); (1,26,3); (47,27,3); (48,29,7); 
Queue 3: (21,19,7); (36,26,4); 
Queue 4: (39,24,6); (42,27,4); 
Queue 5: (37,22,7); (16,26,4); 
--------------------------------------------------------------------------
Time 30:
Waiting clients: (14,31,6); (27,31,2); (6,32,1); (11,37,4); (20,39,7); (50,39,2); (28,40,2); (9,40,2); 
Queue 1: (43,23,3); (23,27,3); (32,28,2); (17,29,6); 
Queue 2: (1,26,3); (47,27,3); (48,29,7); 
Queue 3: (36,26,4); 
Queue 4: (39,24,6); (42,27,4); (13,30,5); 
Queue 5: (37,22,7); (16,26,4); 
--------------------------------------------------------------------------
Time 31:
Waiting clients: (6,32,1); (11,37,4); (20,39,7); (50,39,2); (28,40,2); (9,40,2); 
Queue 1: (23,27,3); (32,28,2); (17,29,6); 
Queue 2: (1,26,3); (47,27,3); (48,29,7); 
Queue 3: (36,26,4); (14,31,6); (27,31,2); 
Queue 4: (39,24,6); (42,27,4); (13,30,5); 
Queue 5: (16,26,4); 
--------------------------------------------------------------------------
Time 32:
Waiting clients: (11,37,4); (20,39,7); (50,39,2); (28,40,2); (9,40,2); 
Queue 1: (23,27,3); (32,28,2); (17,29,6); 
Queue 2: (1,26,3); (47,27,3); (48,29,7); 
Queue 3: (36,26,4); (14,31,6); (27,31,2); 
Queue 4: (39,24,6); (42,27,4); (13,30,5); 
Queue 5: (16,26,4); (6,32,1); 
--------------------------------------------------------------------------
Time 33:
Waiting clients: (11,37,4); (20,39,7); (50,39,2); (28,40,2); (9,40,2); 
Queue 1: (23,27,3); (32,28,2); (17,29,6); 
Queue 2: (47,27,3); (48,29,7); 
Queue 3: (36,26,4); (14,31,6); (27,31,2); 
Queue 4: (39,24,6); (42,27,4); (13,30,5); 
Queue 5: (16,26,4); (6,32,1); 
--------------------------------------------------------------------------
Time 34:
Waiting clients: (11,37,4); (20,39,7); (50,39,2); (28,40,2); (9,40,2); 
Queue 1: (32,28,2); (17,29,6); 
Queue 2: (47,27,3); (48,29,7); 
Queue 3: (14,31,6); (27,31,2); 
Queue 4: (42,27,4); (13,30,5); 
Queue 5: (16,26,4); (6,32,1); 
--------------------------------------------------------------------------
Time 35:
Waiting clients: (11,37,4); (20,39,7); (50,39,2); (28,40,2); (9,40,2); 
Queue 1: (32,28,2); (17,29,6); 
Queue 2: (47,27,3); (48,29,7); 
Queue 3: (14,31,6); (27,31,2); 
Queue 4: (42,27,4); (13,30,5); 
Queue 5: (6,32,1); 
--------------------------------------------------------------------------
Time 36:
Waiting clients: (11,37,4); (20,39,7); (50,39,2); (28,40,2); (9,40,2); 
Queue 1: (17,29,6); 
Queue 2: (48,29,7); 
Queue 3: (14,31,6); (27,31,2); 
Queue 4: (42,27,4); (13,30,5); 
Queue 5: closed
--------------------------------------------------------------------------
Time 37:
Waiting clients: (20,39,7); (50,39,2); (28,40,2); (9,40,2); 
Queue 1: (17,29,6); 
Queue 2: (48,29,7); 
Queue 3: (14,31,6); (27,31,2); 
Queue 4: (42,27,4); (13,30,5); 
Queue 5: (11,37,4); 
--------------------------------------------------------------------------
Time 38:
Waiting clients: (20,39,7); (50,39,2); (28,40,2); (9,40,2); 
Queue 1: (17,29,6); 
Queue 2: (48,29,7); 
Queue 3: (14,31,6); (27,31,2); 
Queue 4: (13,30,5); 
Queue 5: (11,37,4); 
--------------------------------------------------------------------------
Time 39:
Waiting clients: (28,40,2); (9,40,2); 
Queue 1: (17,29,6); 
Queue 2: (48,29,7); 
Queue 3: (14,31,6); (27,31,2); 
Queue 4: (13,30,5); (50,39,2); 
Queue 5: (11,37,4); (20,39,7); 
--------------------------------------------------------------------------
Time 40:
Waiting clients: 
Queue 1: (17,29,6); (28,40,2); 
Queue 2: (48,29,7); (9,40,2); 
Queue 3: (27,31,2); 
Queue 4: (13,30,5); (50,39,2); 
Queue 5: (11,37,4); (20,39,7); 
--------------------------------------------------------------------------
Time 41:
Waiting clients: 
Queue 1: (17,29,6); (28,40,2); 
Queue 2: (48,29,7); (9,40,2); 
Queue 3: (27,31,2); 
Queue 4: (13,30,5); (50,39,2); 
Queue 5: (20,39,7); 
--------------------------------------------------------------------------
Time 42:
Waiting clients: 
Queue 1: (28,40,2); 
Queue 2: (48,29,7); (9,40,2); 
Queue 3: closed
Queue 4: (13,30,5); (50,39,2); 
Queue 5: (20,39,7); 
--------------------------------------------------------------------------
Time 43:
Waiting clients: 
Queue 1: (28,40,2); 
Queue 2: (9,40,2); 
Queue 3: closed
Queue 4: (50,39,2); 
Queue 5: (20,39,7); 
--------------------------------------------------------------------------
Time 44:
Waiting clients: 
Queue 1: closed
Queue 2: (9,40,2); 
Queue 3: closed
Queue 4: (50,39,2); 
Queue 5: (20,39,7); 
--------------------------------------------------------------------------
Time 45:
Waiting clients: 
Queue 1: closed
Queue 2: closed
Queue 3: closed
Queue 4: closed
Queue 5: (20,39,7); 
--------------------------------------------------------------------------
Time 46:
Waiting clients: 
Queue 1: closed
Queue 2: closed
Queue 3: closed
Queue 4: closed
Queue 5: (20,39,7); 
--------------------------------------------------------------------------
Time 47:
Waiting clients: 
Queue 1: closed
Queue 2: closed
Queue 3: closed
Queue 4: closed
Queue 5: (20,39,7); 
--------------------------------------------------------------------------
Time 48:
Waiting clients: 
Queue 1: closed
Queue 2: closed
Queue 3: closed
Queue 4: closed
Queue 5: closed
--------------------------------------------------------------------------
Time 49:
Waiting clients: 
Queue 1: closed
Queue 2: closed
Queue 3: closed
Queue 4: closed
Queue 5: closed
--------------------------------------------------------------------------
Time 50:
Waiting clients: 
Queue 1: closed
Queue 2: closed
Queue 3: closed
Queue 4: closed
Queue 5: closed
--------------------------------------------------------------------------
Time 51:
Waiting clients: 
Queue 1: closed
Queue 2: closed
Queue 3: closed
Queue 4: closed
Queue 5: closed
--------------------------------------------------------------------------
Time 52:
Waiting clients: 
Queue 1: closed
Queue 2: closed
Queue 3: closed
Queue 4: closed
Queue 5: closed
--------------------------------------------------------------------------
Time 53:
Waiting clients: 
Queue 1: closed
Queue 2: closed
Queue 3: closed
Queue 4: closed
Queue 5: closed
--------------------------------------------------------------------------
Time 54:
Waiting clients: 
Queue 1: closed
Queue 2: closed
Queue 3: closed
Queue 4: closed
Queue 5: closed
--------------------------------------------------------------------------
Time 55:
Waiting clients: 
Queue 1: closed
Queue 2: closed
Queue 3: closed
Queue 4: closed
Queue 5: closed
--------------------------------------------------------------------------
Time 56:
Waiting clients: 
Queue 1: closed
Queue 2: closed
Queue 3: closed
Queue 4: closed
Queue 5: closed
--------------------------------------------------------------------------
Time 57:
Waiting clients: 
Queue 1: closed
Queue 2: closed
Queue 3: closed
Queue 4: closed
Queue 5: closed
--------------------------------------------------------------------------
Time 58:
Waiting clients: 
Queue 1: closed
Queue 2: closed
Queue 3: closed
Queue 4: closed
Queue 5: closed
--------------------------------------------------------------------------
Time 59:
Waiting clients: 
Queue 1: closed
Queue 2: closed
Queue 3: closed
Queue 4: closed
Queue 5: closed
--------------------------------------------------------------------------
Time 60:
Waiting clients: 
Queue 1: closed
Queue 2: closed
Queue 3: closed
Queue 4: closed
Queue 5: closed
--------------------------------------------------------------------------
Average Service Time: 4.08
Average Waiting Time: 7.62
Peak Hour: 27

----------------------------------EOF-------------------------------------